143 152 135 179  82 104  87 125  97 118 109 125 117 156 145 197
 89 106  39  94  50  65  26  43  44  60  46  54  49  71 147  98
111 145  38 126  55  63  55 132  38  67  20  82  29  38  38  84
194 105 241 130 193  53 163  63 164  66 185  26 204  96 230 121
115 178 101  45 102 168  86  36 158 142 115 114 118 148 102  75
 72  89  97  76  68  69  83  58 115 103 110  77 174 181 162  91
167 118  68 103 113  99  74  60 111 124  11  90 234 198  97 146
165 252  78 170  26 106  17  66  68 126  24 125 166 196  74 135
123 109 159 170 134 148 184 183 154 163 189 213  63  65  68  64
 43 100 146  59   9  98 203 138  44 204 221 141  32  86 146 103
 49 107 140  52 110 112 124  46 117 204 231  69 102 126 138  64
141 230 162 110 104 154 162  94  79 119 116  63  91 130 135  48
179 191 166 135 103 167 147 144 172 239 168 195  93  93 110  63
122 149 209 211  65  32  63  45  39  45  84  87 126 132 170 159
 84 141 111  90 112 192 101  85 109 172 117  89  72  65  31  66
115 234 229 114 113 223 245 135  65  83 135 105  69 156 148  51
 91  80 158 195 110  88 148 224  82  61  94 148  55  43  68  99
100  24  70  98  80  22  36  63  94  36  40  91 100  62  21 117
 45 217 197  78  81 243 210  81  76 168 156  72  63  87 117  48
154 243 160 101 119 188 151 114  47  98 106  87  65 144 119  78
102  46  56  65 156  80  59  76 208  96 191 193  96  79  72  62
 97 161  88  63  64 163  58  63 108  98  81  54 113 128  82  66
 98 206 224 193  36  40  50  38   8 130 133 108  66 173 196 154
131 149 242  78  57 121 168  56  97 148 175  55  81 131 192  71
110  38  22  80 185  35  16  82 170  76  54 120 227  53  28 126
129 161 125  92 120 144 120 105 139 170 142 129  59  90  70  68
 99  73  80  83 122 114 100  89 136  84  83 100 161 114 133  98
100  96  89 106 149 168 112 130  92 110  63  63  90 100  71  85
 69  51  49  72 194 155 216 249 157 127 157 208 109  52 131 146
 66  83 143  86  73 118 159  79  67  58 133 113  84 109 179 110
187 151 147  46 112 118 103  36 143  63 108  26 107  63  95   9
199 157 137  76 111 115  75  50 192 183 135  91 215 214  97  50
 94  80 126  88  92 101 133 110 169 152 179 141 160 164 156 110
 84  46  97 109 133  68  97 116  71  28  83  88  92  69  43  76
 69  57 140 147 127 114 220 223 144 132 223 234  57  45 106 113
 74 171  95 146  70 106  94 147  59 119  34  71  97 182 126 206
152 133 214 155 148 123 210 155 111 154 178  77  90 110 128  63
 92 150  82  86 136 229 142 140  91 144  92  85  73 179  81 138
 81  35  87  66 132  77 139  95 112  70 130  99 158 116 248 217
 65  80  68 111  76  76 102 132 106 115 147 204 102  72 154 130
 40  78  91  51  59 103 118  53  94 200 235 125  29 143 159 142
 57  92  37 137 120 128  77 181 127  82  50  70  71 108   6 142
 89  83 125 103 186 182 188 201 163 181 176 192 153 148 223 175
125 101 147  99 100  50  98 110  96  74 109  82  73 122 151  50
122 112  64  40  70  75  32   8 143 151 119  69 175 169 110  65
156 184 153 230  75  99  70 155 116  85  89 141 130 158 112 215
 55  64 121  81  76  97 112 113 100  87 100  71  91  91 151  97
100  73  47  43 101  29  27 105 170 101  47 113 225 150 105 139
122 178 151 170 152 106 136 179 121 138 133 144 116  77 115 127
133  76 145 121 186  54 126 121 206  44 117 209  73  36  64  33
 84  83  59 115  83 134  33 143 117  83  98 150 122 223  50 233
174  90  87 123  74  33  53  34 210  96 164 122  76  29  69  20
114  64 122  98 136  35  73 130 117  66 159 116 128  38 112 137
113 140 124  71 150 182 104  92  91 141 127  50  42  71  50  22
113 109 109 110  94 100 110 104 116 116 164 143 129  60 173 143
182 241 191 162  98  88  95  74 144 159 133 112 130 152 100 102
171 114 117  55  69  28  63  22 152  82 100  51 118  88  98  36
152 122  91 145 104 100  68 101  64  48  74 111 152 112 171 156
184  96 184 136 215  56  70 148 222 116 167 137  51   9  75  69
108 105 122 134 151 101  91 152 190 128 102 255  94  63  80 107
 87 179 149  85  84 172 116  84  35  91  61  41 109 174 181  91
228 151 129 114 205 123 126 123 148 112  98 110 110  68  59  53
 92 124  80 140 176 242 214 234 128 175 156 155  86 123 106 115
 96  85 159 117  75 104 129  70  92  95  38  90  90  60  54  95
144 137 245 146  86  77 146  77 152 107 231 109  38  12  48   9
 60  20  46  75  33  57 123 159 105  70 201 220  68  57 118 119
148 134 170 118 214 189 190 126 130 108 148  46 168 164 187 145
167 138 120 219 152 139  96 209 103  87  58 155 115 101  78 151
212 210 205 150  35  43  38  23 189 111 138 138  90 209 159  78
109 164  87 154 153 169 106 204  42  36  26  44 166 158 106 188
 81 206 192 109  81 175 154 137  79 210 199  90  79 146 205  46
126  51  50  40 163 135  74  55 151  49  51  54 127 122  45  44
 40 111  67  76  36 117  99  66  94 189 162 157  42  99 114  55
163  90 110 124  63  39 114  44 145 121 158  89 192 113 172  79
138  55 136 184 116  75 100 152 152 131 111 171 135 119 125 131
228 190 202 203 119 137 107 118 184 126 168 173 232 218 212 238
122 158 115  79 154 112 128  56 159  85 117  55  23  21  22   8
 76  88  55 116 130 116  55 158 154 130  96 251 142 128  84 224
144 162 167  72 251 224 246 111 170 179 188  74 195 133 165 110
164 186  96  71 174 171 111  71 216 209 129  73 158 149 105  66
162  95 161 184  45   9  75 112 179 146 140  98  38  11  59  90
 89 121  86  88  72  92  77  34 171 206 161  85 191 219 145 122
110  90  94  36 224 211 146  83  83  53  91  26  79  86  75  39
164 103  92 101 161  83  64 120 145  60  71 118 218  68  97 137
 94 132 129  89 135 125 119  94 189 166 147 149 124 131 131  93
 45  52  37  69 140 105 107 151 137 130 160 102 151 127 154 164
123  27  27 129  32  16   6  28 165  40  68 205 220 106  39 202
 38 100  98 123  62 139 132 153  72 212 181 193 138 217 233 236
 87 103 114  92  87 121  67  26  79  94 106  90  90 143 105  90
201 150 206 208 117  69 115 101 171 117 204 209 137  95 187 215
 60  62  74  76 164 157 128 193 133 150  66 173 110 128  51 146
107  66 116  86 173 225 186 132 202 225 204 143 162 157 190 106
148  86  84  96 172 174 195 194 219 189 191 184 147 154 103  94
119  54  67  62 157 106 136 142 122  77  91  92 171  79  99 105
 38  63  28 117 198 177  74 119 126  83  39  87  80  82  39 132
133 167 158 176 103 166  87 141 152 123 215 167 109  70 196 101
153  56 125 170 101  66  66 123  81  26  62  92  81  59  57 104
127  92 177 149  64  44 112 125  92  44 168 180  58  66 124 166
 64 239 185 227  32 121 109 127  62 142  96 116  40 108  59  83
161 127 127 161 122 122 164 158  51  45  45  36  97  78  64  68
 64  52  56  66 109 131  79  69  80  97  48  85 140 162  93 198
165 102 178 114 232 187 253 157 154 124 124 133 111 155 156  47
107  97  49  84 129  72 137 149 199 132 204 235 214 170 175 224
160  60 118 119 197 141 161  79 232 124 174 139 130  73  98  66
 68 197 114 191  98 226 183 237  42  61  85  73  54 157 152 198
109 105  54 133  96 132  96 181  58  84  53  97 128 150  93 194
 94  60  78  59 142  96 102  43  63  48  44  41  69  34  68  68
164  63 121  95 252 153 183  97 138  75  77  67  92  65  71  34
210 154 198 211 183 125 155 177 147  82 174 212 136  85 125 170
145 155 182 214 135 124  89 139 142 214 164 204 172 172 129 186
 53  91  29   8 178 179 187  71  65 127 131  41 168 188 158  61
145 198 131 133 198 193 148 187  27 115  36  11  86 232  96  62
 70  99 148 148  96 127 207 198  56  80 108 110  26  32  52  51
 99 142 137 142  27 148 122 144  41 141  72 122  50  90  58  70
183 136 249 214  88  60  83 127  90  71 130 108 163  62  89 154
128  77  91  93  84  34  64  60  98  87  92  98 115  34 155  42
172  75 198  63 154  87 197  84 170  67 174  78 144 101 209  65
 72 136 107 174 110 140  61 194  67 130  90 188  96 139  80 183
 87  58  49  83 180 188 103 180 193 190  86 153 120 131  65 112
 70 136 157 178  56 134 141 192  51 106 104 160  49 129 120 143
 65  90  27  73 131 179  66 197  84 118  42 125  82 109  42 130
116  99  64  77 200 107 144 133 157  90 153 119 137  44 135 133
102 121 120 135  30  50  15  50 111 139  84 155 151 141 132 175
 66 147  49  70  93 138  57  81 135 158  92 100  69 114  50 110
 71 110   8  46 119 156  52 140  89  84  82 128  55  73  34  68
108  26  49  89  29   8 111  79 107  10 108 122  53  14 116  96
148 146 125 140  16  46  26 122 150 166 155 128  28 136 124 240
 83 102  44  89  24 160  61  70  50  66  32  64  55  93  25  43
