10110111110110001010101101110111
10100101101011011010101101001000
01101000010000000100011011111110
00001011000111101101100111011011
01100101000111001000111110101000
11100001001110010010010000011111
10100111100100011101000110100101
00010000000100010010111001100110
00110011111100100100010001010001
01000011110011100110111010100011
01011101011110100110111110110110
01001011111111010011100110000001
00010111000010110110000100110011
11010100010010001001001001110000
01110110101100010111101100101001
10011011011010011100000101110101
00001101110001110001011101001001
00000110101000111010000101111110
01110111110100011101001111100011
00011110100101000111010110010110
01001100111000111010110111000100
10100110010011001111001011011110
10001100110100001001001010001000
10110101110010111001000001110000
10111011101111011110001001010001
10100000101100101101001100010111
10011111100000000001101001100101
01001000101111110001010101011010
11000011001100011001011111101101
00100001010101110010101001110011
01000001000110000110111001101101
01011110010010011101001011100101
10110010001010110000110111010011
00010100100011011111010010001001
00100101101100110011110110100010
10000000111001000101010101010010
01100111111110110101001000100011
00100000101010000111001101100110
10110011000000110101001000010100
11010010101110000101101101100010
00011001011110000110111100110000
00000100001111011111010001111000
11100110010010100100101011001111
01001111101101011111101011010001
00110111100011010101001010010001
10110100101100100001111110110000
10111110110100100010100000001000
00100100010110110000011000010000
00110110101000010100110101010110
11100001111011000100010111100110
01100111010011100001100011100101
00011111101010010000011001001000
11100000110110010011001111111000
01010100011111010111001110010010
00100010100001111010000000011011
11010101101010001110000100001110
00000011001001010000110100101100
11001011001111010101100000101110
00010000100100011001100001100010
10001001001000101110010000010110
11011001101000001010111110101111
11100001001101001011101111010001
00111111011101110100100011111010
01100101001011110111111011100101
