00010010000101010011010100100100
11000000100010010101111010000001
10000100100001001101011000001001
10110001111100000101011001100011
00000110101110010111101100001101
01000110110111111001100110001101
10110010110000101000010001100101
10001001001101110101001000010010
00000000111100111110001100000001
00000110110101111100110100001101
00111011001000111111000101110110
00011110100011011100110100111101
01110110110101000101011111101101
01000110001011011111011110001100
01111100111111011110100111111001
11100011001101110010010011000110
11100010111101111000010011000101
11010101000100111101001010101010
01110010101011111111011111100101
10111011110100100111001001110111
10001001001100101101011000010010
01000111111011001101101110001111
01111001001100000110100111110010
11100111011101101001011011001110
00000100001111111011001010010001
11100010110010100100111011000101
00101110010110000100100101011100
11011110100011100010100010111101
10010110101010110101100000101101
10110010101001110010011001100101
10110001111011110110001001100011
00000101011100111000011100001010
11000000001110110010001010000000
00010000011001000010000100100000
01010101011110000100010110101010
11001110110011001100110010011101
11001011001000000011111010010110
10001001100000111011100000010011
10000110101111000011100000001101
10101001101001111101011001010011
00110101100111111101110101101011
11101010101001100010101011010101
10000001000101110100101000000010
11010111010101100011111010101110
00001110111111111110100100011101
11100111110001010111001011001111
00010001100001000100100100100011
00000101000010010110010100001010
11100101011100110000101011001010
10011110001100010100110000111100
01111001011010001011110111110010
01000101001011100110000110001010
00100000110001001011001101000001
11101100010010110011010011011000
00111100001000001111001101111000
11000100100010100001001010001001
01110101110001010000110111101011
01011011000000100110010110110110
01100011010010111111100111000110
01010111000101010001001110101110
11011110011101010000001010111100
00010101000011111101110100101010
10000101110101111001101000001011
10111000100101111011111001110001
